sampling time: 00:00:00-01:00:00
estimation for each cluster
[[450.39801256 446.56145764 436.585497   449.84189473 452.29167473
  457.25574995 442.94085898 411.49694358 320.06323984]
 [ 10.00052669  10.          10.          10.           9.
    0.           9.           9.0000036    9.        ]
 [ 30.99846682  28.0000084   28.00002655  28.          28.
    0.          28.0000028   28.          28.        ]]
baseline for each cluster
[[458 480 447 435 454 457 455 454 453 282]
 [ 10  10  10  10  10   9   9   9   9   9]
 [ 31  31  28  28  28  28  28  28  28  28]]
error for each cluster
[0.00890074 0.16666667 0.16666689]
std for each cluster
[0.00760366 0.372678   0.3726779 ]
overall estimation
[491.39700607 484.56146604 474.58552355 487.84189473 489.29167473
 457.25574995 479.94086178 448.49694718 357.06323984]
overall baseline
[499 521 485 473 492 494 492 491 490 319]
error
0.019230134295316177
std
0.02397848836315328
