sampling time: 00:00:00-01:00:00
estimation for each cluster
[[  9.99950558  10.          10.          10.           9.
    0.           9.           9.0000054    9.        ]
 [ 31.0003471   28.          28.00000622  28.          28.
    0.          28.          28.          28.        ]
 [ 28.          28.          28.          28.          28.
   28.          28.          28.          28.        ]
 [362.20286303 357.23325514 348.35064011 361.0970596  363.38513541
  369.45002772 354.52507896 322.72561386 322.72227108]
 [ 60.41606251  61.49908366  61.01111897  61.          61.
   61.          61.          61.          61.00023922]]
baseline for each cluster
[[ 10  10  10  10  10   9   9   9   9   9]
 [ 31  31  28  28  28  28  28  28  28  28]
 [ 28  28  28  28  28  28  28  28  28  28]
 [369 391 358 346 365 368 366 365 364 193]
 [ 61  61  61  61  61  61  61  61  61  61]]
error for each cluster
[0.16666667 0.1666667  0.         0.0117156  0.001394  ]
std for each cluster
[0.372678   0.37267798 0.         0.00827915 0.00303628]
overall estimation
[491.61877821 484.7323388  475.3617653  488.0970596  489.38513541
 458.45002772 480.52507896 448.72561926 448.7225103 ]
overall baseline
[499 521 485 473 492 494 492 491 490 319]
error
0.018724088150167545
std
0.023010984180154983
