sampling time: 00:00:00-01:00:00
baseline for each cluster
['99.181', '52.223', '192.16']
[[90, 348, 61], [97, 363, 61], [90, 334, 61], [91, 321, 61], [91, 340, 61], [90, 343, 61], [90, 341, 61], [90, 340, 61], [90, 339, 61], [90, 168, 61]]
99.181
estimation
[90.04663392 90.00009964 90.00149872 90.00002    90.05945937  0.
 89.99998759 90.         89.99939303]
baseline
[90 97 90 91 91 90 90 90 90 90]
error
0.1704372062546846
std
0.3710230314093239
52.223
estimation
[341.2311763  333.18198679 322.01156714 336.62615863 338.22858416
 343.1396148  329.4000448  297.79406032 297.78727907]
baseline
[348 363 334 321 340 343 341 340 339 168]
error
0.011147534348533938
std
0.009777833285601794
192.16
estimation
[60.41778062 61.499508   60.95797283 61.         61.         61.0000183
 61.         61.         61.0015044 ]
baseline
[61 61 61 61 61 61 61 61 61 61]
error
0.0014796542992336441
std
0.0030108831073652016
overall
estimation
[491.69559085 484.68159444 472.97103869 487.62617863 489.28804354
 404.1396331  480.40003238 448.79406032 448.78817649]
overall baseline
[499 521 485 473 492 494 492 491 490 319]
error
0.03655208330013629
std
0.06391436534695169
