sampling time: 00:00:00-01:00:00
baseline for each cluster
['99.181.96', '52.223.226', '99.181.97', '52.223.244', '52.223.227', '52.223.224', '52.223.229', '52.223.246', '52.223.228', '192.16.65', '52.223.243', '52.223.225', '99.181.65', '52.223.247', '52.223.248']
[[10, 67, 80, 41, 31, 19, 12, 35, 39, 61, 74, 30, 0, 0, 0], [16, 68, 80, 41, 31, 19, 12, 35, 39, 61, 81, 34, 1, 2, 1], [10, 67, 80, 41, 31, 15, 12, 35, 36, 61, 67, 30, 0, 0, 0], [10, 67, 81, 41, 31, 15, 12, 34, 36, 61, 56, 29, 0, 0, 0], [10, 67, 81, 41, 31, 15, 12, 35, 36, 61, 73, 30, 0, 0, 0], [9, 67, 81, 41, 31, 15, 12, 35, 36, 61, 76, 30, 0, 0, 0], [9, 67, 81, 41, 31, 15, 12, 35, 36, 61, 74, 30, 0, 0, 0], [9, 67, 81, 41, 31, 15, 12, 35, 36, 61, 73, 30, 0, 0, 0], [9, 67, 81, 41, 31, 15, 12, 35, 36, 61, 72, 30, 0, 0, 0], [9, 67, 81, 41, 31, 1, 0, 1, 25, 61, 1, 1, 0, 0, 0]]
99.181.96
estimation
[10.00034335 10.         10.         10.          9.          0.
  9.          9.          9.        ]
baseline
[10 16 10 10 10  9  9  9  9  9]
error
0.16666666666666666
std
0.37267799624996495
52.223.226
estimation
[67.00051875 67.         66.99962289 67.         67.          0.
 66.9998862  67.00013106 67.        ]
baseline
[67 68 67 67 67 67 67 67 67 67]
error
0.16666788783695194
std
0.3726774501313391
99.181.97
estimation
[80.02594867 79.99952433 80.00339707 79.99893635 81.06671855  0.
 81.00005577 81.0000162  77.        ]
baseline
[80 80 80 81 81 81 81 81 81 81]
error
0.17091547842398283
std
0.37081715982332986
52.223.244
estimation
[41.         41.         41.00202386 41.         41.          0.
 41.         41.         41.        ]
baseline
[41 41 41 41 41 41 41 41 41 41]
error
0.16667489373942165
std
0.3726743174270633
52.223.227
estimation
[31.0000031  31.         31.         31.         31.         31.00005514
 31.         31.         31.        ]
baseline
[31 31 31 31 31 31 31 31 31 31]
error
2.9642909863415173e-07
std
6.628356150549533e-07
52.223.224
estimation
[19.         14.99995125 14.9998575  15.         15.         15.
 15.         15.          1.0000286 ]
baseline
[19 19 15 15 15 15 15 15 15  1]
error
2.1249831980559485e-06
std
3.5051722512506313e-06
52.223.229
estimation
[12.         11.99962835 12.00176186 12.         12.         12.
 12.         11.          0.        ]
baseline
[12 12 12 12 12 12 12 12 12  0]
error
2.9632003795971367e-05
std
5.361499265334837e-05
52.223.246
estimation
[35.         34.99913085 35.00209721 35.         34.999986   35.00011787
 35.00019702 29.02264637  0.        ]
baseline
[35 35 35 34 35 35 35 35 35  1]
error
0.004917946127017671
std
0.010981557208332382
52.223.228
estimation
[38.9997388  35.99978895 35.99836327 36.         36.         35.99921718
 36.         36.         25.        ]
baseline
[39 39 36 36 36 36 36 36 36 25]
error
1.217867447755049e-05
std
1.6754710140924654e-05
192.16.65
estimation
[60.41706945 61.50053198 60.97101834 61.         61.         61.
 61.         61.         60.        ]
baseline
[61 61 61 61 61 61 61 61 61 61]
error
0.0014467585754227878
std
0.003027549878892492
52.223.243
estimation
[67.60945231 72.4985319  69.4940917  72.62416402 72.18743625 73.55807016
 69.00529616 42.          0.        ]
baseline
[74 81 67 56 73 76 74 73 72  1]
error
0.07317355158532222
std
0.0798401381489045
52.223.225
estimation
[30.         29.99957218 29.99856757 29.99974714 29.99982107 30.
 29.99988    25.          1.00016443]
baseline
[30 34 30 29 30 30 30 30 30  1]
error
0.005744336304710666
std
0.012830124150401702
99.181.65
not in sample
52.223.247
not in sample
52.223.248
not in sample
overall
estimation
[492.05307442 490.9966598  487.47080127 490.62284752 490.25396187
 293.55746034 487.00531514 448.02279363 312.00019303]
overall baseline
[499 521 485 473 492 494 492 491 490 319]
error
0.07746906339357697
std
0.14599862046678225
