sampling time: 00:00:00-01:00:00
overall baseline
[499 521 485 473 492 494 492 491 490 319]
baseline for each cluster
['high', 'mid', 'low']
[[465, 466, 460, 452, 468, 467, 467, 467, 466, 318], [28, 33, 20, 19, 23, 23, 23, 23, 23, 1], [6, 22, 5, 2, 1, 4, 2, 1, 1, 0]]
high
estimation
[464.22081552 465.23105553 464.99955452 468.13480569 467.10581659
 467.10618764 464.15241673 440.41624652 312.08621608]
error
0.007828593629342554
std
0.010215239986485476
mid
estimation
[26.99977914 26.99956227 26.99977185 19.         24.42853513 23.21048283
 21.99951161  8.          7.99966081]
error
0.1766154877368595
std
0.15741721896879726
low
estimation
[   0.          569.44705836    0.            0.           56.56668505
 2203.33426167    0.            0.            0.        ]
error
204.94970229523088
std
402.5670902405002
overall
estimation
[ 491.22059466 1061.67767616  491.99932638  487.13480569  548.10103677
 2693.65093214  486.15192834  448.41624652  320.08587689]
error
0.9722288103585545
std
1.6217760297724793
