99.181
estimation
[90.04663392 90.00009964 90.00149872 90.00002    90.05945937  0.
 89.99998759 90.         89.99939303]
baseline
[90 97 90 91 91 90 90 90 90 90]
error
0.1704372062546846
std
0.3710230314093239
sampling twice
estimation
[90.04705777 89.999685   89.99920957 90.00056    90.05918266 90.00186304
 89.99982931 90.         89.9994307 ]
error
0.0037773726922203936
std
0.005105455993939437
sampling three times
estimation
[90.05657702 90.00040822 90.00456284 89.99634015 91.07698427 90.98348081
 90.99034519 90.99731234 90.99011636]
error
0.00931175444015552
std
0.004178180531812218
sampling four times
estimation
[90.04859657 90.00004179 90.00519682 89.99794005 91.07226123 53.91391688
 91.00003389 90.99997139 90.99926291]
error
0.07432099927977306
std
0.14613384523607825
52.223
estimation
[341.2311763  333.18198679 322.01156714 336.62615863 338.22858416
 343.1396148  329.4000448  297.79406032 297.78727907]
baseline
[348 363 334 321 340 343 341 340 339 168]
error
0.011147534348533938
std
0.009777833285601794
192.16
estimation
[60.41778062 61.499508   60.95797283 61.         61.         61.0000183
 61.         61.         61.0015044 ]
baseline
[61 61 61 61 61 61 61 61 61 61]
error
0.0014796542992336441
std
0.0030108831073652016
overall estimation
[491.69559085 484.68159444 472.97103869 487.62617863 489.28804354
 404.1396331  480.40003238 448.79406032 448.78817649]
overall baseline
[499 521 485 473 492 494 492 491 490 319]
error
0.03655208330013629
std
0.06391436534695169
sampling twice
estimation
[491.6960147  484.68117979 472.96874954 487.62671863 489.28776682
 494.14149614 480.39987411 448.79406032 448.78821417]
error
0.007515438707810712
std
0.007263736584534988
sampling three times
estimation
[491.70553394 484.68190301 472.97410281 487.62249878 490.30556843
 495.12311391 481.39038999 449.79137266 449.77889982]
error
0.007167647883497015
std
0.006462881716551116
sampling four times
estimation
[491.69755349 484.68153658 472.97473679 487.62409868 490.30084539
 458.05354998 481.40007869 449.7940317  449.78804637]
error
0.01760682266822784
std
0.023869254085519178
