99.181
estimation
[90.04663392 90.00009964 90.00149872 90.00002    90.05945937  0.
 89.99998759 90.         89.99939303]
baseline
[90 97 90 91 91 90 90 90 90 90]
error
0.1704372062546846
std
0.3710230314093239
sampling twice
estimation
[90.04649571 90.00051429 89.99692054 90.00006    90.0590777  89.99928001
 89.99960586 90.         89.99995814]
error
0.0037809525398131115
std
0.0051137805575407844
sampling three times
estimation
[90.04718677 90.00051429 90.003471   90.00059    90.05973609 90.00351528
 90.0001831  90.         86.00131582]
error
0.003773989567813481
std
0.005091194079129534
sampling four times
estimation
[90.04656943 90.00039857 89.99526547 89.99957    90.05959296 53.32339845
 89.9999131  90.         86.000086  ]
error
0.07170335135927061
std
0.15025851881250682
52.223
estimation
[341.2311763  333.18198679 322.01156714 336.62615863 338.22858416
 343.1396148  329.4000448  297.79406032 297.78727907]
baseline
[348 363 334 321 340 343 341 340 339 168]
error
0.011147534348533938
std
0.009777833285601794
192.16
estimation
[60.41778062 61.499508   60.95797283 61.         61.         61.0000183
 61.         61.         61.0015044 ]
baseline
[61 61 61 61 61 61 61 61 61 61]
error
0.0014796542992336441
std
0.0030108831073652016
overall estimation
[491.69559085 484.68159444 472.97103869 487.62617863 489.28804354
 404.1396331  480.40003238 448.79406032 448.78817649]
overall baseline
[499 521 485 473 492 494 492 491 490 319]
error
0.03655208330013629
std
0.06391436534695169
sampling twice
estimation
[491.69545263 484.68200908 472.96646051 487.62621863 489.28766186
 494.13891311 480.39965066 448.79406032 448.7887416 ]
error
0.007515365920803596
std
0.007263748946195683
sampling three times
estimation
[491.69614369 484.68200908 472.97301097 487.62674863 489.28832026
 494.14314839 480.4002279  448.79406032 444.79009928]
error
0.007513894896635933
std
0.007265016097708948
sampling four times
estimation
[491.69552635 484.68189337 472.96480543 487.62572863 489.28817712
 457.46303156 480.3999579  448.79406032 444.78886946]
error
0.018490827718920678
std
0.024196059377999325
